//mapname,origin,angle,item_chance,monster_chance,loop(category_id,category_chance,),optional(classify)
hl_c01_a1,-22 279 -204,4,100,0,0,100
hl_c01_a1,-320 592 -240,-135,40,0,0,100
hl_c01_a1,-1109 -755 -180,15,55,0,0,100
hl_c01_a1,-312 -1264 -216,45,30,0,0,100
hl_c01_a1,-2448 1024 -288,60,20,0,0,100
hl_c01_a1,-3444 1506 -252,127,20,0,0,100
hl_c01_a1,-3424 1136 -344,-116,40,0,0,100
hl_c01_a1,-1681 -881 -1848,128,50,0,0,100
hl_c01_a1,-2502 -1785 -1160,-25,40,0,0,100
hl_c01_a1,-1405 -2832 -1160,-145,35,0,0,100
hl_c01_a1,-1405 -2656 -952,-160,75,0,0,100
hl_c01_a1,-1239 -2212 -1376,-80,30,0,0,100
hl_c01_a1,-604 -3222 -1376,-58,50,0,0,100
hl_c02_a1,2471 250 96,67,35,1,1,60,2,40
hl_c02_a1,1401 785 -360,-100,35,1,1,60,2,40
hl_c02_a1,1055 281 64,180,50,2,1,60,2,40
hl_c02_a1,-23 1256 -144,39,15,0,1,60,2,40
hl_c02_a1,177 4015 758,15,30,1,1,60,2,40
hl_c02_a1,-948 4095 672,-117,50,0,1,60,2,40
hl_c02_a1,-968 4467 764,107,25,0,1,60,2,40
hl_c02_a1,1588 3014 776,5,50,2,1,60,2,40
hl_c02_a1,1364 2088 836,47,25,1,1,60,2,40
hl_c02_a1,1984 2879 800,-95,35,2,1,60,2,40
hl_c02_a2,-1952 -2092 1312,0,25,0,3,25,4,75
hl_c02_a2,-2144 -2557 1312,-65,25,0,3,25,4,75
hl_c02_a2,-276 -2254 1280,-90,15,0,3,25,4,75
hl_c02_a2,-48 -3069 1280,-147,15,0,3,25,4,75
hl_c02_a2,544 -3006 1082,90,15,1,3,25,4,75
hl_c02_a2,804 -3242 1087,-118,25,0,3,25,4,75
hl_c02_a2,256 -451 -1008,90,25,0,3,25,4,75
hl_c02_a2,-1513 241 -1504,1,25,1,3,25,4,75,7
hl_c02_a2,-1519 776 -1504,-30,40,0,3,25,4,75
hl_c02_a2,905 767 -1504,180,15,1,3,25,4,75
hl_c03,2682 -853 -576,-142,50,0,5,10,6,20,7,20,8,20,9,12,10,12,11,6
hl_c03,3150 -995 -576,100,15,0,5,10,6,20,7,20,8,20,9,12,10,12,11,6
hl_c03,345 -1840 -720,-76,20,0,5,10,6,20,7,20,8,20,9,12,10,12,11,6
hl_c03,206 -879 -376,173,35,0,5,10,6,20,7,20,8,20,9,12,10,12,11,6
hl_c03,-208 -161 -488,-90,25,0,5,10,6,20,7,20,8,20,9,12,10,12,11,6
hl_c03,1174 -937 -218,145,15,0,5,10,6,20,7,20,8,20,9,12,10,12,11,6
hl_c03,-52 -697 -218,180,50,0,5,10,6,20,7,20,8,20,9,12,10,12,11,6
hl_c03,-187 -938 -256,49,40,0,5,10,6,20,7,20,8,20,9,12,10,12,11,6
hl_c03,1971 -481 -256,-149,20,0,5,10,6,20,7,20,8,20,9,12,10,12,11,6
hl_c03,943 81 -52,144,20,0,5,10,6,20,7,20,8,20,9,12,10,12,11,6
hl_c03,612 981 208,-90,30,0,5,10,6,20,7,20,8,20,9,12,10,12,11,6
hl_c03,1192 311 222,180,15,1,5,10,6,20,7,20,8,20,9,12,10,12,11,6
hl_c03,486 409 208,-90,25,0,5,10,6,20,7,20,8,20,9,12,10,12,11,6
hl_c03,-2165 -741 128,90,25,0,5,10,6,20,7,20,8,20,9,12,10,12,11,6
hl_c03,-1077 -1079 40,-99,15,0,5,10,6,20,7,20,8,20,9,12,10,12,11,6
hl_c03,-1541 -1103 242,180,30,1,5,10,6,20,7,20,8,20,9,12,10,12,11,6
hl_c03,687 -321 64,-160,15,0,5,10,6,20,7,20,8,20,9,12,10,12,11,6
hl_c03,687 -495 64,160,15,0,5,10,6,20,7,20,8,20,9,12,10,12,11,6
hl_c03,-443 -984 384,50,15,0,5,10,6,20,7,20,8,20,9,12,10,12,11,6
hl_c04,-712 728 0,-126,25,2,12,40,13,30,14,10,15,10,16,10
hl_c04,-1447 -273 0,-30,25,0,12,40,13,30,14,10,15,10,16,10
hl_c04,-348 -92 -128,-63,20,2,12,40,13,30,14,10,15,10,16,10,1
hl_c04,449 -866 40,90,30,0,12,40,13,30,14,10,15,10,16,10
hl_c04,368 -640 -128,45,15,0,12,40,13,30,14,10,15,10,16,10
hl_c04,1387 -256 108,180,40,0,12,40,13,30,14,10,15,10,16,10
hl_c04,1420 -60 0,-45,20,0,12,40,13,30,14,10,15,10,16,10
hl_c04,1713 -2984 512,90,25,0,12,40,13,30,14,10,15,10,16,10
hl_c04,-720 -3720 512,55,25,0,12,40,13,30,14,10,15,10,16,10
hl_c04,792 -3120 640,-135,25,2,12,40,13,30,14,10,15,10,16,10,4
hl_c04,-129 -1177 640,-145,20,0,12,40,13,30,14,10,15,10,16,10
hl_c04,-1047 -353 1280,-128,60,0,141,100,4
hl_c04,-1766 -1807 1280,104,75,0,141,100,4
hl_c04,-305 -1719 1280,135,40,0,141,100,4
hl_c04,-7460 -9372 768,145,30,2,12,40,13,30,14,10,15,10,16,10
hl_c04,-8369 -8808 1040,180,100,0,142,100
hl_c04,-780 -1148 0,100,35,2,12,40,13,30,14,10,15,10,16,10
hl_c04,639 -696 0,90,30,0,12,40,13,30,14,10,15,10,16,10
hl_c04,312 1682 146,-90,50,3,12,40,13,30,14,10,15,10,16,10
hl_c05_a1,-3061 2897 912,-26,25,0,17,20,18,40,19,40
hl_c05_a1,-822 2771 912,178,35,2,17,20,18,40,19,40,7
hl_c05_a1,-1696 2771 648,90,40,0,17,20,18,40,19,40
hl_c05_a1,-1696 3048 -1872,0,25,0,17,20,18,40,19,40
hl_c05_a1,-386 -2542 -1616,180,20,0,17,20,18,40,19,40
hl_c05_a1,-1604 -1424 -1776,0,35,0,17,20,18,40,19,40
hl_c05_a2,-2290 7690 -924,-135,25,0,0,0,20,50,21,50
hl_c05_a2,1673 3527 -1908,113,25,2,0,0,20,50,21,50,7
hl_c05_a2,840 3620 -3876,90,50,0,0,0,20,50,21,50
hl_c05_a2,-96 4556 -3300,0,50,0,0,0,20,50,21,50
hl_c05_a2,1143 3520 -1538,-133,20,0,0,0,20,50,21,50
hl_c05_a2,-3699 2362 -1692,24,25,0,0,0,20,50,21,50
hl_c05_a2,-3469 3692 -3368,-90,40,3,0,0,20,50,21,50,7
hl_c05_a2,-4092 1596 -3333,90,75,0,0,0,20,50,21,50
hl_c05_a2,-3744 152 -3384,3,35,0,0,0,20,50,21,50
hl_c05_a2,-4076 1171 -1772,171,25,0,0,0,20,50,21,50
hl_c05_a2,-3627 1053 -1772,90,25,2,0,0,20,50,21,50
hl_c05_a2,-3698 2481 -1952,-40,25,0,0,0,20,50,21,50
hl_c05_a3,-2102 571 1828,28,25,0,22,20,23,20,24,20,25,20,26,20
hl_c05_a3,-1799 82 1588,-45,50,3,22,20,23,20,24,20,25,20,26,20
hl_c05_a3,-784 392 1380,-90,50,3,22,20,23,20,24,20,25,20,26,20
hl_c05_a3,-1151 750 1380,180,100,0,143,100
hl_c05_a3,700 293 -1662,90,20,0,22,20,23,20,24,20,25,20,26,20
hl_c05_a3,2446 -1050 -1795,90,75,0,22,20,23,20,24,20,25,20,26,20
hl_c05_a3,2442 -248 -2190,-90,97,3,22,20,23,20,24,20,25,20,26,20
hl_c06,-1064 834 -96,20,35,0,27,40,28,10,29,10,30,10,31,10,32,10,33,10
hl_c06,-176 2523 -64,90,35,2,27,40,28,10,29,10,30,10,31,10,32,10,33,10
hl_c06,1452 2591 -80,98,20,1,27,40,28,10,29,10,30,10,31,10,32,10,33,10,4
hl_c06,769 3407 -464,0,30,0,27,40,28,10,29,10,30,10,31,10,32,10,33,10
hl_c06,1087 2783 -464,-137,20,0,27,40,28,10,29,10,30,10,31,10,32,10,33,10
hl_c06,673 2783 -464,-43,20,0,27,40,28,10,29,10,30,10,31,10,32,10,33,10
hl_c06,-575 1844 32,90,50,0,27,40,28,10,29,10,30,10,31,10,32,10,33,10
hl_c06,1261 -847 0,-132,35,0,27,40,28,10,29,10,30,10,31,10,32,10,33,10
hl_c06,914 -784 0,-56,15,0,27,40,28,10,29,10,30,10,31,10,32,10,33,10
hl_c07_a1,-912 -2373 -1936,180,20,1,34,50,35,10,36,10,37,10,38,10,39,10
hl_c07_a1,-912 -2211 -1936,180,20,1,34,50,35,10,36,10,37,10,38,10,39,10
hl_c07_a1,-104 -3431 -1680,-6,25,1,34,50,35,10,36,10,37,10,38,10,39,10
hl_c07_a1,997 -2913 -1968,-38,50,0,34,50,35,10,36,10,37,10,38,10,39,10
hl_c07_a1,2652 -1052 -1788,0,35,2,34,50,35,10,36,10,37,10,38,10,39,10,7
hl_c07_a1,2652 -520 -1788,0,35,2,34,50,35,10,36,10,37,10,38,10,39,10,7
hl_c07_a1,4205 -787 -1788,180,100,0,145,100
hl_c07_a1,2752 -1769 -1788,-90,35,0,34,50,35,10,36,10,37,10,38,10,39,10
hl_c07_a1,1392 1608 -1712,-173,20,1,34,50,35,10,36,10,37,10,38,10,39,10
hl_c07_a1,224 -1216 -1816,90,25,0,34,50,35,10,36,10,37,10,38,10,39,10
hl_c07_a1,-1764 -820 -1816,0,50,0,34,50,35,10,36,10,37,10,38,10,39,10
hl_c07_a1,-2020 -1588 -1816,90,75,0,34,50,35,10,36,10,37,10,38,10,39,10
hl_c07_a1,-1635 -2509 -760,-71,30,2,34,50,35,10,36,10,37,10,38,10,39,10
hl_c07_a1,-792 -4144 -760,-108,25,1,34,50,35,10,36,10,37,10,38,10,39,10,4
hl_c07_a1,1087 -2707 -872,0,20,1,34,50,35,10,36,10,37,10,38,10,39,10
hl_c07_a1,1080 -2308 -872,0,20,1,34,50,35,10,36,10,37,10,38,10,39,10
hl_c07_a2,2487 3388 -304,-90,35,0,40,50,41,10,42,10,43,10,44,10,45,10
hl_c07_a2,2423 2420 -304,163,20,0,40,50,41,10,42,10,43,10,44,10,45,10
hl_c07_a2,1024 2508 -660,-104,20,0,40,50,41,10,42,10,43,10,44,10,45,10
hl_c07_a2,-2487 623 -628,-45,25,0,40,50,41,10,42,10,43,10,44,10,45,10
hl_c07_a2,-7 -185 -628,-32,15,0,40,50,41,10,42,10,43,10,44,10,45,10
hl_c07_a2,-62 -2884 -628,90,10,1,40,50,41,10,42,10,43,10,44,10,45,10
hl_c07_a2,19 -1835 -628,180,25,1,40,50,41,10,42,10,43,10,44,10,45,10
hl_c07_a2,-690 -3496 -628,10,25,1,40,50,41,10,42,10,43,10,44,10,45,10
hl_c07_a2,-4126 -1281 -424,-127,25,0,40,50,41,10,42,10,43,10,44,10,45,10
hl_c07_a2,-3018 -4433 528,-90,10,0,40,50,41,10,42,10,43,10,44,10,45,10
hl_c07_a2,-3018 -5432 528,90,10,0,40,50,41,10,42,10,43,10,44,10,45,10
hl_c07_a2,-2646 -4433 528,-90,10,0,40,50,41,10,42,10,43,10,44,10,45,10
hl_c07_a2,-2646 -5432 528,90,10,0,40,50,41,10,42,10,43,10,44,10,45,10
hl_c07_a2,-3018 -2133 912,-90,10,0,40,50,41,10,42,10,43,10,44,10,45,10
hl_c07_a2,-3018 -3084 912,90,10,0,40,50,41,10,42,10,43,10,44,10,45,10
hl_c07_a2,-2646 -2133 912,-90,10,0,40,50,41,10,42,10,43,10,44,10,45,10
hl_c07_a2,-2646 -3084 912,90,10,0,40,50,41,10,42,10,43,10,44,10,45,10
hl_c07_a2,-1628 -3800 880,0,20,0,40,50,41,10,42,10,43,10,44,10,45,10
hl_c07_a2,323 -2112 880,180,20,2,40,50,41,10,42,10,43,10,44,10,45,10
hl_c07_a2,832 -649 408,-90,25,2,40,50,41,10,42,10,43,10,44,10,45,10,4
hl_c07_a2,1404 -1086 296,180,20,0,40,50,41,10,42,10,43,10,44,10,45,10
hl_c07_a2,1057 -505 296,135,25,2,40,50,41,10,42,10,43,10,44,10,45,10,4
hl_c07_a2,1482 445 492,-90,25,0,40,50,41,10,42,10,43,10,44,10,45,10
hl_c07_a2,2204 1530 408,180,25,0,40,50,41,10,42,10,43,10,44,10,45,10
hl_c07_a2,2372 827 408,45,20,0,40,50,41,10,42,10,43,10,44,10,45,10
hl_c07_a2,3252 1925 380,-135,35,3,40,50,41,10,42,10,43,10,44,10,45,10,4
hl_c08_a1,-1111 1561 -256,90,50,5,46,55,47,15,48,15,49,15
hl_c08_a1,-305 -229 -268,-106,25,0,46,55,47,15,48,15,49,15
hl_c08_a1,-1026 -507 -716,-49,25,0,46,55,47,15,48,15,49,15
hl_c08_a1,-765 -451 -940,135,30,0,46,55,47,15,48,15,49,15
hl_c08_a1,-1513 -1171 -1148,135,30,0,46,55,47,15,48,15,49,15
hl_c08_a1,-596 -787 -1138,-60,25,0,46,55,47,15,48,15,49,15
hl_c08_a1,-326 -453 -1164,0,40,0,46,55,47,15,48,15,49,15
hl_c08_a1,-71 -623 -1276,135,20,0,46,55,47,15,48,15,49,15
hl_c08_a1,132 -586 -1412,0,35,0,46,55,47,15,48,15,49,15
hl_c08_a1,840 -685 -1212,180,25,0,46,55,47,15,48,15,49,15
hl_c08_a1,490 -156 -1148,20,25,0,46,55,47,15,48,15,49,15
hl_c08_a1,1185 1079 -1296,-70,25,0,46,55,47,15,48,15,49,15
hl_c08_a1,1916 212 -1422,-113,25,0,46,55,47,15,48,15,49,15
hl_c08_a1,1382 972 -944,-100,20,0,46,55,47,15,48,15,49,15
hl_c08_a2,3252 108 1872,20,35,3,50,100
hl_c08_a2,3380 564 1872,40,25,2,50,100
hl_c08_a2,4312 1552 1584,-90,15,0,50,100
hl_c08_a2,4488 1552 1584,-90,15,0,50,100
hl_c08_a2,4136 1552 1584,-90,15,0,50,100
hl_c08_a2,5136 1552 1584,-135,15,0,50,100
hl_c08_a2,5136 670 1584,135,10,0,50,100
hl_c08_a2,2800 928 1696,100,35,0,50,100
hl_c08_a2,1408 1447 1848,0,20,2,50,100,7
hl_c08_a2,3400 1264 1884,0,50,0,146,100
hl_c08_a2,222 909 2220,-90,40,0,50,100
hl_c08_a2,-552 920 2220,-45,30,0,50,100
hl_c08_a2,444 -438 2220,135,30,0,50,100
hl_c08_a2,-1658 -1086 2288,180,50,3,50,100,4
hl_c08_a2,-1992 -1180 2336,95,50,3,50,100,4
hl_c08_a2,-2281 -912 2476,-90,25,2,50,100,4
hl_c08_a2,-2654 -1776 2476,-90,35,0,50,100
hl_c08_a2,-2628 -144 2384,-90,25,0,50,100
hl_c09,-1602 1031 -48,-103,10,1,51,30,52,40,53,30
hl_c09,-572 540 256,-90,30,3,51,30,52,40,53,30
hl_c09,297 -705 477,56,25,2,51,30,52,40,53,30
hl_c09,421 1296 32,-120,40,4,51,30,52,40,53,30
hl_c09,136 2304 0,-90,75,8,51,30,52,40,53,30
hl_c09,-726 2629 16,111,30,3,51,30,52,40,53,30
hl_c09,-688 2716 -272,19,40,4,51,30,52,40,53,30
hl_c09,138 3501 -272,-90,30,0,51,30,52,40,53,30
hl_c09,-1160 3264 -192,90,25,2,51,30,52,40,53,30
hl_c09,196 3684 -272,180,20,0,51,30,52,40,53,30
hl_c09,-1160 3468 -124,-90,30,3,51,30,52,40,53,30
hl_c09,-1337 2724 -272,105,25,0,51,30,52,40,53,30
hl_c09,-2376 1824 -96,0,50,0,51,30,52,40,53,30
hl_c09,-3576 1824 -790,0,50,0,51,30,52,40,53,30
hl_c09,-1007 1424 -800,114,25,0,51,30,52,40,53,30
hl_c09,-1593 2049 -928,135,40,0,51,30,52,40,53,30
hl_c09,-2696 2240 -800,66,25,0,51,30,52,40,53,30
hl_c09,-2829 2364 -1056,180,50,0,51,30,52,40,53,30
hl_c09,-2872 720 -800,83,20,0,51,30,52,40,53,30
hl_c09,-2835 1357 -672,90,35,0,51,30,52,40,53,30
hl_c09,-3094 144 -944,90,35,0,51,30,52,40,53,30
hl_c09,56 832 -1216,112,25,0,51,30,52,40,53,30
hl_c09,336 953 -1280,-90,40,4,51,30,52,40,53,30
hl_c09,-135 159 -1280,-90,40,4,51,30,52,40,53,30
hl_c09,-496 -582 -1280,90,30,3,51,30,52,40,53,30
hl_c09,-88 360 -1536,90,25,2,51,30,52,40,53,30
hl_c09,-70 153 -1536,-90,30,3,51,30,52,40,53,30
hl_c09,-1431 -78 -1536,50,20,2,51,30,52,40,53,30
hl_c09,350 480 -1536,180,30,3,51,30,52,40,53,30
hl_c09,1110 471 -1536,-155,20,2,51,30,52,40,53,30
hl_c09,-593 1175 -1536,-100,25,0,51,30,52,40,53,30
hl_c09,-365 895 -1024,-90,45,0,51,30,52,40,53,30
hl_c09,-292 -465 -1216,-30,25,0,51,30,52,40,53,30
hl_c09,-1309 -226 -1472,37,25,0,51,30,52,40,53,30
hl_c09,1288 256 -1216,123,25,0,51,30,52,40,53,30
hl_c09,-903 63 -1280,0,75,0,51,30,52,40,53,30
hl_c09,-960 56 -1280,-90,75,0,51,30,52,40,53,30
hl_c09,1034 -670 -1216,11,25,0,51,30,52,40,53,30
hl_c09,1147 -448 -1280,180,25,0,51,30,52,40,53,30
hl_c09,384 360 -1248,-90,25,2,51,30,52,40,53,30
hl_c09,356 420 -1280,180,40,4,51,30,52,40,53,30
hl_c09,1412 456 -1280,180,30,3,51,30,52,40,53,30
hl_c09,-1224 -1841 -1682,-90,35,0,51,30,52,40,53,30
hl_c10,3809 1324 52,-90,15,0,152,100
hl_c10,3636 1312 52,0,25,0,152,100
hl_c10,3580 1280 52,180,25,0,152,100
hl_c10,3600 1328 48,180,25,0,152,100
hl_c10,3360 1164 4,-90,25,0,152,100
hl_c10,3532 864 4,180,25,0,152,100
hl_c10,3820 972 218,-140,30,0,54,40,55,15,56,15,57,15,58,15
hl_c10,2071 895 16,-131,20,0,54,40,55,15,56,15,57,15,58,15
hl_c10,-476 128 256,88,20,2,54,40,55,15,56,15,57,15,58,15
hl_c10,-721 1007 272,-131,20,0,54,40,55,15,56,15,57,15,58,15
hl_c10,-1028 2156 0,-100,10,0,54,40,55,15,56,15,57,15,58,15
hl_c10,0 480 0,90,20,4,54,40,55,15,56,15,57,15,58,15
hl_c10,-384 1104 40,90,15,0,54,40,55,15,56,15,57,15,58,15
hl_c10,-384 1519 40,-90,15,0,54,40,55,15,56,15,57,15,58,15
hl_c10,-768 1104 40,90,15,0,54,40,55,15,56,15,57,15,58,15
hl_c10,-768 1519 40,-90,15,0,54,40,55,15,56,15,57,15,58,15
hl_c10,197 -1165 128,-71,20,0,54,40,55,15,56,15,57,15,58,15
hl_c10,-660 -1330 336,0,40,0,54,40,55,15,56,15,57,15,58,15
hl_c11_a1,-1630 1422 304,0,70,0,59,50,60,13,61,13,62,13,63,10,64,1
hl_c11_a1,-770 1557 96,-71,50,0,59,50,60,13,61,13,62,13,63,10,64,1
hl_c11_a1,-3376 -560 -64,90,25,0,59,50,60,13,61,13,62,13,63,10,64,1
hl_c11_a1,-3665 -719 -64,113,20,0,59,50,60,13,61,13,62,13,63,10,64,1
hl_c11_a1,-5967 239 -64,-80,30,0,59,50,60,13,61,13,62,13,63,10,64,1
hl_c11_a1,-5258 398 -1408,4,25,0,59,50,60,13,61,13,62,13,63,10,64,1
hl_c11_a1,-4882 660 -1408,-90,25,0,59,50,60,13,61,13,62,13,63,10,64,1
hl_c11_a1,-4323 334 -1408,90,40,0,59,50,60,13,61,13,62,13,63,10,64,1
hl_c11_a1,-5140 1139 -1184,34,25,0,59,50,60,13,61,13,62,13,63,10,64,1
hl_c11_a1,-4348 -3080 -64,144,25,5,59,50,60,13,61,13,62,13,63,10,64,1
hl_c11_a1,-4772 -401 -1408,-90,25,0,59,50,60,13,61,13,62,13,63,10,64,1
hl_c11_a1,-4904 -1790 -1408,-55,25,0,59,50,60,13,61,13,62,13,63,10,64,1
hl_c11_a1,-4463 -2005 -1408,-85,25,0,59,50,60,13,61,13,62,13,63,10,64,1
hl_c11_a1,-3259 -3210 -1408,140,15,0,59,50,60,13,61,13,62,13,63,10,64,1
hl_c11_a1,1851 -2171 -1120,-90,25,5,59,50,60,13,61,13,62,13,63,10,64,1
hl_c11_a1,2056 -3936 -640,45,20,0,59,50,60,13,61,13,62,13,63,10,64,1
hl_c11_a1,2006 -2055 -451,-73,30,5,59,50,60,13,61,13,62,13,63,10,64,1
hl_c11_a1,3207 -1336 -352,-156,20,0,59,50,60,13,61,13,62,13,63,10,64,1
hl_c11_a1,2439 -1588 -352,-10,30,0,59,50,60,13,61,13,62,13,63,10,64,1
hl_c11_a1,5132 -2562 -480,-147,20,3,59,50,60,13,61,13,62,13,63,10,64,1
hl_c11_a1,3906 -793 -480,-45,25,0,59,50,60,13,61,13,62,13,63,10,64,1
hl_c11_a1,3673 -1031 -478,-18,30,0,59,50,60,13,61,13,62,13,63,10,64,1
hl_c11_a1,4358 -1554 -480,-142,35,0,59,50,60,13,61,13,62,13,63,10,64,1
hl_c11_a1,4605 -1668 -337,-119,40,0,147,100
hl_c11_a1,4833 -1696 -896,0,25,0,59,50,60,13,61,13,62,13,63,10,64,1
hl_c11_a2,6 -5027 -792,-90,40,5,65,50,66,13,67,13,68,13,69,10,70,1,4
hl_c11_a2,-644 -4980 -1272,155,25,5,65,50,66,13,67,13,68,13,69,10,70,1,4
hl_c11_a2,-15 607 -160,-53,15,0,65,50,66,13,67,13,68,13,69,10,70,1
hl_c11_a2,-424 603 -120,-90,25,5,65,50,66,13,67,13,68,13,69,10,70,1,4
hl_c11_a2,548 112 -56,90,25,0,65,50,66,13,67,13,68,13,69,10,70,1
hl_c11_a2,640 -488 -120,-90,25,5,65,50,66,13,67,13,68,13,69,10,70,1,4
hl_c11_a2,-401 182 17,180,20,0,65,50,66,13,67,13,68,13,69,10,70,1
hl_c11_a2,-401 -212 17,180,15,0,65,50,66,13,67,13,68,13,69,10,70,1
hl_c11_a2,-926 2205 -96,158,25,0,65,50,66,13,67,13,68,13,69,10,70,1
hl_c11_a2,-300 2700 -380,-45,25,0,152,100
hl_c11_a2,388 1890 -96,180,40,0,147,100
hl_c11_a2,-1665 2209 -132,136,20,0,65,50,66,13,67,13,68,13,69,10,70,1
hl_c11_a2,-1985 2209 -208,142,10,0,65,50,66,13,67,13,68,13,69,10,70,1
hl_c11_a2,-1985 2655 -208,-142,10,0,65,50,66,13,67,13,68,13,69,10,70,1
hl_c11_a2,-2849 1598 -208,77,30,0,65,50,66,13,67,13,68,13,69,10,70,1
hl_c11_a2,-4864 2447 -208,0,25,0,65,50,66,13,67,13,68,13,69,10,70,1
hl_c11_a2,-3520 3056 -32,42,50,0,65,50,66,13,67,13,68,13,69,10,70,1
hl_c11_a3,735 362 -304,-92,30,2,71,49,72,10,73,10,74,10,75,10,76,10,77,1
hl_c11_a3,-380 -32 -352,0,20,2,71,49,72,10,73,10,74,10,75,10,76,10,77,1
hl_c11_a3,-56 112 -344,-90,25,2,71,49,72,10,73,10,74,10,75,10,76,10,77,1
hl_c11_a3,-368 144 -352,16,25,2,71,49,72,10,73,10,74,10,75,10,76,10,77,1
hl_c11_a4,-1693 -354 -2092,180,25,0,78,49,79,50,80,1
hl_c11_a4,-593 -687 -2240,150,15,0,78,49,79,50,80,1
hl_c11_a4,-1406 1710 -1792,-90,30,0,78,49,79,50,80,1
hl_c11_a4,32 1008 -1856,45,15,0,78,49,79,50,80,1
hl_c11_a4,1391 1592 -1984,180,25,5,78,49,79,50,80,1,4
hl_c11_a4,-708 644 -1852,96,25,5,78,49,79,50,80,1,4
hl_c11_a4,-769 976 -1696,0,40,0,148,100
hl_c11_a4,-143 159 -1696,-38,35,0,78,49,79,50,80,1
hl_c11_a4,737 351 -1856,-83,20,4,78,49,79,50,80,1,4
hl_c11_a4,737 -287 -1856,83,20,4,78,49,79,50,80,1,4
hl_c11_a4,-216 152 -1856,-134,25,5,78,49,79,50,80,1,4
hl_c11_a4,853 -52 -1472,180,25,0,78,49,79,50,80,1
hl_c11_a4,879 -337 -1696,-135,25,0,78,49,79,50,80,1
hl_c11_a4,0 -448 -1696,90,25,0,78,49,79,50,80,1
hl_c11_a4,-2012 -1546 -1696,0,20,4,78,49,79,50,80,1
hl_c11_a4,-1364 32 -1856,180,30,5,78,49,79,50,80,1
hl_c11_a5,-1080 -3697 -1536,-70,25,0,81,49,82,10,83,10,84,10,85,10,86,10,87,1
hl_c11_a5,-1545 -3697 -1536,-110,25,0,81,49,82,10,83,10,84,10,85,10,86,10,87,1
hl_c11_a5,-1312 -3697 -1279,-90,35,0,81,49,82,10,83,10,84,10,85,10,86,10,87,1
hl_c11_a5,-852 -3712 -1350,-90,20,4,81,49,82,10,83,10,84,10,85,10,86,10,87,1
hl_c11_a5,-2017 -4477 -1496,-133,25,0,81,49,82,10,83,10,84,10,85,10,86,10,87,1
hl_c11_a5,-2640 -4088 -1376,-90,25,0,81,49,82,10,83,10,84,10,85,10,86,10,87,1
hl_c11_a5,-2896 -4464 -1344,0,40,0,81,49,82,10,83,10,84,10,85,10,86,10,87,1
hl_c11_a5,-2816 -5030 -1536,-90,20,0,81,49,82,10,83,10,84,10,85,10,86,10,87,1
hl_c11_a5,-1422 -6308 -1808,45,30,0,81,49,82,10,83,10,84,10,85,10,86,10,87,1
hl_c11_a5,-1001 -6780 -1808,45,25,0,81,49,82,10,83,10,84,10,85,10,86,10,87,1
hl_c11_a5,-412 -6296 -1528,8,30,0,81,49,82,10,83,10,84,10,85,10,86,10,87,1
hl_c11_a5,291 -5606 -1528,180,30,0,81,49,82,10,83,10,84,10,85,10,86,10,87,1
hl_c11_a5,-528 -4528 -1808,0,25,0,81,49,82,10,83,10,84,10,85,10,86,10,87,1
hl_c11_a5,-524 -4468 -1596,0,25,0,81,49,82,10,83,10,84,10,85,10,86,10,87,1
hl_c11_a5,-1903 -5425 -1824,0,20,0,81,49,82,10,83,10,84,10,85,10,86,10,87,1
hl_c11_a5,-1265 -4528 -1824,180,25,5,81,49,82,10,83,10,84,10,85,10,86,10,87,1
hl_c11_a5,-1824 -5024 -1664,-27,25,0,149,100
hl_c11_a5,-654 -4742 -1648,-96,25,0,81,49,82,10,83,10,84,10,85,10,86,10,87,1
hl_c11_a5,-472 -4798 -1808,0,25,0,81,49,82,10,83,10,84,10,85,10,86,10,87,1
hl_c11_a5,-496 -4016 -1664,90,25,5,81,49,82,10,83,10,84,10,85,10,86,10,87,1,4
hl_c11_a5,-2641 -5137 -1824,-157,35,0,149,100
hl_c11_a5,-3823 -5521 -1824,-25,40,0,150,100
hl_c11_a5,-3840 -4640 -1824,20,35,0,149,100
hl_c11_a5,-1904 -4320 -1808,70,25,0,81,49,82,10,83,10,84,10,85,10,86,10,87,1
hl_c11_a5,-3889 -1937 -1704,110,30,0,81,49,82,10,83,10,84,10,85,10,86,10,87,1
hl_c11_a5,-3471 -1937 -1704,70,20,0,81,49,82,10,83,10,84,10,85,10,86,10,87,1
hl_c11_a5,-4192 -1446 -1440,0,35,0,81,49,82,10,83,10,84,10,85,10,86,10,87,1
hl_c11_a5,-2889 -1364 -1696,90,25,0,81,49,82,10,83,10,84,10,85,10,86,10,87,1
hl_c11_a5,-4184 -1214 -1704,-70,25,0,81,49,82,10,83,10,84,10,85,10,86,10,87,1
hl_c11_a5,-4184 -1026 -1704,70,20,0,81,49,82,10,83,10,84,10,85,10,86,10,87,1
hl_c11_a5,-4192 -644 -2040,0,50,0,81,49,82,10,83,10,84,10,85,10,86,10,87,1
hl_c11_a5,-3081 -893 -1456,60,15,0,81,49,82,10,83,10,84,10,85,10,86,10,87,1
hl_c11_a5,-3327 333 -1704,-120,25,0,81,49,82,10,83,10,84,10,85,10,86,10,87,1
hl_c11_a5,-4016 333 -1470,-90,25,0,81,49,82,10,83,10,84,10,85,10,86,10,87,1
hl_c12,1106 -549 612,-147,20,0,88,40,89,10,90,10,91,10,92,10,93,10,94,10
hl_c12,867 -701 572,-151,30,0,88,40,89,10,90,10,91,10,92,10,93,10,94,10
hl_c12,-401 -436 620,180,20,0,88,40,89,10,90,10,91,10,92,10,93,10,94,10
hl_c12,-1236 -99 384,0,20,0,88,40,89,10,90,10,91,10,92,10,93,10,94,10
hl_c12,-2433 -849 180,-169,10,0,88,40,89,10,90,10,91,10,92,10,93,10,94,10
hl_c12,-2433 -934 180,180,10,0,88,40,89,10,90,10,91,10,92,10,93,10,94,10
hl_c12,-2130 -1132 477,180,25,5,88,40,89,10,90,10,91,10,92,10,93,10,94,10
hl_c12,-2396 582 384,0,10,2,88,40,89,10,90,10,91,10,92,10,93,10,94,10
hl_c12,-2368 420 424,0,10,2,88,40,89,10,90,10,91,10,92,10,93,10,94,10
hl_c12,-2026 250 148,0,25,0,88,40,89,10,90,10,91,10,92,10,93,10,94,10
hl_c12,-3189 -1562 -460,-32,35,0,88,40,89,10,90,10,91,10,92,10,93,10,94,10
hl_c12,-2589 -2374 -370,180,20,0,88,40,89,10,90,10,91,10,92,10,93,10,94,10
hl_c12,-3063 -2376 -370,0,15,0,145,100
hl_c12,-3237 -1654 -424,180,25,0,88,40,89,10,90,10,91,10,92,10,93,10,94,10
hl_c12,-2927 -1855 776,76,20,4,88,40,89,10,90,10,91,10,92,10,93,10,94,10,4
hl_c12,-3096 219 792,-100,10,2,88,40,89,10,90,10,91,10,92,10,93,10,94,10,4
hl_c12,-2165 -147 -1136,180,25,5,88,40,89,10,90,10,91,10,92,10,93,10,94,10,4
hl_c12,-2193 -62 -972,122,25,0,88,40,89,10,90,10,91,10,92,10,93,10,94,10
hl_c12,-3997 -703 -1136,-59,30,0,88,40,89,10,90,10,91,10,92,10,93,10,94,10
hl_c12,-1568 -774 -1040,180,20,0,152,100
hl_c12,-1956 -1688 -1224,75,25,0,88,40,89,10,90,10,91,10,92,10,93,10,94,10
hl_c12,-2728 -1480 -1220,-128,30,5,88,40,89,10,90,10,91,10,92,10,93,10,94,10
hl_c13_a1,-432 -656 1744,45,20,0,95,40,96,10,97,10,98,10,99,10,100,10,101,10
hl_c13_a1,-128 415 1744,-90,20,0,95,40,96,10,97,10,98,10,99,10,100,10,101,10
hl_c13_a1,175 -15 1744,157,30,0,95,40,96,10,97,10,98,10,99,10,100,10,101,10
hl_c13_a1,303 -655 1744,135,20,0,95,40,96,10,97,10,98,10,99,10,100,10,101,10
hl_c13_a1,12 1252 -512,145,35,5,95,40,96,10,97,10,98,10,99,10,100,10,101,10
hl_c13_a1,432 705 -256,90,20,4,95,40,96,10,97,10,98,10,99,10,100,10,101,10
hl_c13_a1,33 -753 -256,-30,25,0,95,40,96,10,97,10,98,10,99,10,100,10,101,10
hl_c13_a1,591 -135 -128,-160,25,0,95,40,96,10,97,10,98,10,99,10,100,10,101,10
hl_c13_a1,580 -917 -128,150,25,0,95,40,96,10,97,10,98,10,99,10,100,10,101,10
hl_c13_a1,136 -48 0,174,20,4,95,40,96,10,97,10,98,10,99,10,100,10,101,10,4
hl_c13_a1,-288 290 -128,0,30,0,95,40,96,10,97,10,98,10,99,10,100,10,101,10
hl_c13_a1,144 -1095 0,0,20,4,95,40,96,10,97,10,98,10,99,10,100,10,101,10,4
hl_c13_a1,-1959 -1168 -240,0,15,3,95,40,96,10,97,10,98,10,99,10,100,10,101,10
hl_c13_a1,-1902 -1233 -384,-90,20,0,95,40,96,10,97,10,98,10,99,10,100,10,101,10
hl_c13_a1,-2656 -880 -384,0,10,2,95,40,96,10,97,10,98,10,99,10,100,10,101,10
hl_c13_a1,-1697 -241 -384,-128,20,0,95,40,96,10,97,10,98,10,99,10,100,10,101,10
hl_c13_a1,-2496 959 -104,-90,30,5,151,100
hl_c13_a1,-2304 959 -104,-90,30,5,151,100,7
hl_c13_a2,217 1324 -896,90,25,5,102,50,103,50
hl_c13_a2,-816 1536 -1180,0,20,0,102,50,103,50
hl_c13_a2,-337 1536 -1180,180,20,0,102,50,103,50
hl_c13_a2,448 2272 -1280,0,8,0,102,50,103,50
hl_c13_a2,448 2400 -1280,0,8,0,102,50,103,50
hl_c13_a2,448 2528 -1280,0,8,0,102,50,103,50
hl_c13_a2,927 2272 -1280,180,8,0,102,50,103,50
hl_c13_a2,927 2400 -1280,180,8,0,102,50,103,50
hl_c13_a2,927 2528 -1280,180,8,0,102,50,103,50
hl_c13_a2,972 2048 -832,90,25,0,102,50,103,50
hl_c13_a2,972 2751 -832,-90,10,0,102,50,103,50
hl_c13_a2,368 2048 -832,85,10,0,102,50,103,50
hl_c13_a2,368 2751 -832,-85,10,0,102,50,103,50
hl_c13_a2,687 4032 -586,180,20,0,102,50,103,50
hl_c13_a2,690 3456 -1280,90,25,0,102,50,103,50
hl_c13_a2,448 800 -1280,0,8,0,102,50,103,50
hl_c13_a2,448 672 -1280,0,8,0,102,50,103,50
hl_c13_a2,448 544 -1280,0,8,0,102,50,103,50
hl_c13_a2,927 800 -1280,180,8,0,102,50,103,50
hl_c13_a2,927 672 -1280,180,8,0,102,50,103,50
hl_c13_a2,927 544 -1280,180,8,0,102,50,103,50
hl_c13_a2,972 1023 -832,-90,25,0,102,50,103,50
hl_c13_a2,972 320 -832,90,10,0,102,50,103,50
hl_c13_a2,368 1023 -832,-85,10,0,102,50,103,50
hl_c13_a2,368 320 -832,85,10,0,102,50,103,50
hl_c13_a2,687 -960 -586,180,20,0,102,50,103,50
hl_c13_a2,690 -385 -1280,-90,25,0,102,50,103,50
hl_c13_a2,-1840 1664 -1024,50,20,0,102,50,103,50
hl_c13_a2,-1622 2048 -768,109,20,0,102,50,103,50
hl_c13_a2,-1889 1297 -1280,90,10,0,102,50,103,50
hl_c13_a2,-2143 1297 -1280,90,10,0,102,50,103,50
hl_c13_a2,-1889 1775 -1280,-90,10,0,102,50,103,50
hl_c13_a2,-2143 1775 -1280,-90,10,0,102,50,103,50
hl_c13_a2,1872 1536 -1248,180,35,0,102,50,103,50
hl_c13_a2,1872 1172 -1256,90,10,0,102,50,103,50
hl_c13_a2,1872 1900 -1256,-90,10,0,102,50,103,50
hl_c13_a2,2170 1536 -640,180,25,0,102,50,103,50
hl_c13_a2,1689 1744 -384,27,15,0,102,50,103,50
hl_c13_a2,2128 1640 -128,-81,15,0,102,50,103,50
hl_c13_a2,1633 2078 -128,4,25,5,102,50,103,50
hl_c13_a3,-366 705 -248,52,25,0,104,100
hl_c13_a3,-604 416 384,90,20,0,104,100
hl_c13_a3,-736 416 256,130,25,0,104,100
hl_c13_a3,16 352 384,24,20,0,104,100
hl_c13_a3,352 896 384,-27,35,0,104,100
hl_c13_a3,992 848 384,180,25,0,104,100
hl_c13_a3,360 240 384,-70,20,0,104,100
hl_c13_a3,984 -288 384,-90,25,0,104,100
hl_c13_a3,1056 -806 256,180,25,5,104,100
hl_c13_a3,1054 -1228 256,117,25,5,104,100
hl_c13_a3,260 -984 384,0,15,0,104,100
hl_c13_a3,112 -1468 384,90,10,0,104,100
hl_c13_a3,-431 -161 256,135,25,0,104,100
hl_c13_a3,745 -1232 128,90,25,5,104,100
hl_c13_a3,608 752 128,-68,40,0,146,100
hl_c13_a3,-755 195 768,0,25,5,104,100
hl_c13_a3,-620 416 816,75,35,0,104,100
hl_c13_a3,-1004 672 384,-90,25,5,104,100
hl_c13_a3,-336 -720 0,90,33,0,146,100
hl_c13_a4,49 -1081 -256,-5,30,0,0,0,105,100
hl_c13_a4,1512 -1008 -256,-156,25,5,0,0,105,100
hl_c13_a4,1375 -231 -256,142,25,0,0,0,105,100
hl_c13_a4,-793 -487 -128,0,25,0,0,0,105,100
hl_c14,-283 -647 285,-90,15,0,0,0,106,100
hl_c14,-970 659 180,135,20,0,0,0,106,100
hl_c14,459 192 276,16,15,0,0,0,106,100
hl_c14,1974 97 -303,180,15,6,0,0,106,100
hl_c14,-353 2070 -303,-90,15,6,0,0,106,100
hl_c14,-2198 64 -287,0,15,6,0,0,106,100
hl_c14,-320 -1838 -240,90,15,6,0,0,106,100
hl_c14,80 112 -128,63,20,8,0,0,106,100
hl_c14,-391 178 32,-69,25,0,0,0,106,100
hl_c15,1265 632 240,-14,40,0,152,100
hl_c15,1249 -320 752,0,75,0,150,100
hl_c15,1209 -985 0,55,25,0,107,40,108,10,109,10,110,10,111,10,112,10,113,10
hl_c15,2338 -1974 0,122,33,0,107,40,108,10,109,10,110,10,111,10,112,10,113,10
hl_c15,-3824 767 -448,82,30,10,107,40,108,10,109,10,110,10,111,10,112,10,113,10
hl_c15,-4310 3096 128,-90,90,10,150,100
hl_c15,-3401 3988 -608,180,35,0,107,40,108,10,109,10,110,10,111,10,112,10,113,10
hl_c15,-3674 4375 -608,-90,50,0,107,40,108,10,109,10,110,10,111,10,112,10,113,10
hl_c15,-3992 4117 -680,-10,50,0,107,40,108,10,109,10,110,10,111,10,112,10,113,10
hl_c15,-3965 4098 -1568,-42,50,0,149,100
hl_c16_a1,689 -289 64,0,20,0,114,50,115,10,116,10,117,10,118,10,119,10
hl_c16_a1,1485 889 64,-138,20,0,114,50,115,10,116,10,117,10,118,10,119,10
hl_c16_a1,-661 87 64,-75,20,0,114,50,115,10,116,10,117,10,118,10,119,10
hl_c16_a1,400 -608 -301,50,30,0,114,50,115,10,116,10,117,10,118,10,119,10
hl_c16_a1,604 150 -304,90,20,0,114,50,115,10,116,10,117,10,118,10,119,10
hl_c16_a1,-28 636 -304,-25,20,8,114,50,115,10,116,10,117,10,118,10,119,10
hl_c16_a1,528 -288 1663,159,75,0,149,100
hl_c16_a1,1391 800 928,-159,100,0,149,100
hl_c16_a1,-972 -1264 557,45,25,0,114,50,115,10,116,10,117,10,118,10,119,10
hl_c16_a2,596 -2972 60,48,25,0,120,50,121,10,122,10,123,10,124,10,125,10
hl_c16_a2,3275 -900 72,-150,25,0,120,50,121,10,122,10,123,10,124,10,125,10
hl_c16_a2,2084 -1396 352,165,15,0,120,50,121,10,122,10,123,10,124,10,125,10
hl_c16_a2,12 -2537 240,180,25,0,120,50,121,10,122,10,123,10,124,10,125,10
hl_c16_a2,-130 311 32,-40,25,0,120,50,121,10,122,10,123,10,124,10,125,10
hl_c16_a2,-931 98 32,-155,25,0,120,50,121,10,122,10,123,10,124,10,125,10
hl_c16_a2,-1371 -34 -224,16,30,0,120,50,121,10,122,10,123,10,124,10,125,10
hl_c16_a2,-1891 381 -224,-134,30,0,120,50,121,10,122,10,123,10,124,10,125,10
hl_c16_a2,-2224 1096 -160,-99,35,0,120,50,121,10,122,10,123,10,124,10,125,10
hl_c16_a2,-2230 1080 96,-20,25,0,120,50,121,10,122,10,123,10,124,10,125,10
hl_c16_a2,-758 1506 268,-109,25,0,120,50,121,10,122,10,123,10,124,10,125,10
hl_c16_a2,-1226 1030 512,-88,100,0,150,100
hl_c16_a3,-1527 -712 -756,-90,50,0,149,100
hl_c16_a3,-1421 -2380 -1024,81,25,0,126,50,127,10,128,10,129,10,130,10,131,10
hl_c16_a3,-1040 -2744 -960,-4,25,10,126,50,127,10,128,10,129,10,130,10,131,10
hl_c16_a3,-792 -1638 -1024,-49,35,10,126,50,127,10,128,10,129,10,130,10,131,10
hl_c16_a3,-1584 -2114 -736,97,20,0,126,50,127,10,128,10,129,10,130,10,131,10
hl_c16_a3,-582 -1575 -736,-62,20,10,126,50,127,10,128,10,129,10,130,10,131,10
hl_c16_a3,554 -1867 -1024,180,25,0,126,50,127,10,128,10,129,10,130,10,131,10
hl_c16_a3,1573 -2160 -768,90,20,0,126,50,127,10,128,10,129,10,130,10,131,10
hl_c16_a3,448 -1951 -528,123,50,0,126,50,127,10,128,10,129,10,130,10,131,10
hl_c16_a3,144 -2576 -448,-14,25,0,126,50,127,10,128,10,129,10,130,10,131,10
hl_c16_a3,1848 2434 -1024,-55,30,10,126,50,127,10,128,10,129,10,130,10,131,10
hl_c16_a3,382 3286 -512,-52,15,10,126,50,127,10,128,10,129,10,130,10,131,10
hl_c16_a3,320 736 56,0,50,0,149,100
hl_c16_a3,840 304 16,90,50,0,149,100
hl_c16_a3,816 752 -96,-90,50,0,150,100
hl_c16_a3,1268 931 -416,-167,50,0,126,50,127,10,128,10,129,10,130,10,131,10
hl_c16_a3,656 984 -520,0,25,0,126,50,127,10,128,10,129,10,130,10,131,10
hl_c16_a3,1021 1531 128,90,20,10,126,50,127,10,128,10,129,10,130,10,131,10
hl_c16_a4,1920 -1602 338,-45,35,0,132,25,133,75
hl_c16_a4,1807 -1741 291,180,35,0,132,25,133,75
hl_c16_a4,2148 -1605 222,90,35,0,132,25,133,75
hl_c17,0 1995 520,-90,25,0,134,50,135,10,136,10,137,10,138,10,139,10
hl_c17,-1995 0 1982,0,25,0,134,50,135,10,136,10,137,10,138,10,139,10
hl_c17,0 -1995 2673,90,25,0,134,50,135,10,136,10,137,10,138,10,139,10
hl_c17,1469 -3016 -3242,11,35,0,134,50,135,10,136,10,137,10,138,10,139,10
hl_c17,-2693 -1859 -3948,17,25,0,134,50,135,10,136,10,137,10,138,10,139,10
hl_c17,583 1442 -3536,22,35,10,134,50,135,10,136,10,137,10,138,10,139,10
hl_c17,-2030 57 -3536,45,25,10,134,50,135,10,136,10,137,10,138,10,139,10
hl_c17,781 -144 -3536,144,20,10,134,50,135,10,136,10,137,10,138,10,139,10
hl_c17,-2623 2527 -3984,-45,35,0,149,100
hl_c17,-2623 -687 -3984,45,35,0,149,100
hl_c17,1567 2527 -3984,-135,35,0,149,100
hl_c17,1567 -687 -3984,135,35,0,149,100
hl_c17,-695 2083 -2056,-68,30,0,134,50,135,10,136,10,137,10,138,10,139,10
hl_c18,-2700 -700 -360,0,0,100,140,100
